
taskB_fscore_macro: 0.7468170876999309
taskB_emr: 0.685682326621924
taskB_fscore_HS: 0.740040709508578
taskB_precision_HS: 0.740712779527764
taskB_recall_HS: 0.7394411787554704
taskB_accuracy_HS: 0.7494407158836689
taskB_fscore_TR: 0.7666040100250626
taskB_precision_TR: 0.7666040100250626
taskB_recall_TR: 0.7666040100250626
taskB_accuracy_TR: 0.8322147651006712
taskB_fscore_AG: 0.7338065435661518
taskB_precision_AG: 0.7332214765100671
taskB_recall_AG: 0.7344132876828613
taskB_accuracy_AG: 0.7639821029082774
taskA_fscore: 0.740040709508578
taskA_precision: 0.740712779527764
taskA_recall: 0.7394411787554704
taskA_accuracy: 0.7494407158836689
