
taskB_fscore_macro: 0.7082771054872209
taskB_emr: 0.59
taskB_fscore_HS: 0.7119897452123365
taskB_precision_HS: 0.711140235910878
taskB_recall_HS: 0.7139914415684736
taskB_accuracy_HS: 0.716
taskB_fscore_TR: 0.7531351831736941
taskB_precision_TR: 0.7515221820154556
taskB_recall_TR: 0.7548044598015657
taskB_accuracy_TR: 0.83
taskB_fscore_AG: 0.6597063880756322
taskB_precision_AG: 0.6558825764884032
taskB_recall_AG: 0.6641910533057445
taskB_accuracy_AG: 0.773
taskA_fscore: 0.7119897452123365
taskA_precision: 0.711140235910878
taskA_recall: 0.7139914415684736
taskA_accuracy: 0.716
