
taskB_fscore_macro: 0.7400144588375884
taskB_emr: 0.652
taskB_fscore_HS: 0.7234693213611816
taskB_precision_HS: 0.7245931638455003
taskB_recall_HS: 0.722729924168773
taskB_accuracy_HS: 0.728
taskB_fscore_TR: 0.7808090694070631
taskB_precision_TR: 0.7849976209685761
taskB_recall_TR: 0.7770203695883855
taskB_accuracy_TR: 0.828
taskB_fscore_AG: 0.7157649857445207
taskB_precision_AG: 0.715227859585456
taskB_recall_AG: 0.7163299663299663
taskB_accuracy_AG: 0.74
taskA_fscore: 0.7234693213611816
taskA_precision: 0.7245931638455003
taskA_recall: 0.722729924168773
taskA_accuracy: 0.728
