
taskB_fscore_macro: 0.7193321356113987
taskB_emr: 0.6322222222222222
taskB_fscore_HS: 0.7620098995666372
taskB_precision_HS: 0.7652865593023874
taskB_recall_HS: 0.7598256272955068
taskB_accuracy_HS: 0.7711111111111111
taskB_fscore_TR: 0.7392607392607393
taskB_precision_TR: 0.7370043366293035
taskB_recall_TR: 0.7415943976941175
taskB_accuracy_TR: 0.8711111111111111
taskB_fscore_AG: 0.6567257680068198
taskB_precision_AG: 0.6612369190073191
taskB_recall_AG: 0.6527583455218557
taskB_accuracy_AG: 0.805
taskA_fscore: 0.7620098995666372
taskA_precision: 0.7652865593023874
taskA_recall: 0.7598256272955068
taskA_accuracy: 0.7711111111111111
